45.0
50.0
55.0
29.0
51.0
46.0
47.0
57.0
45.0
50.0
55.0
29.0
51.0
46.0
47.0
57.0
45.0
50.0
55.0
29.0
51.0
46.0
47.0
57.0
45.0
50.0
55.0
29.0
51.0
46.0
47.0
57.0
45.0
50.0
55.0
29.0
51.0
46.0
47.0
57.0
45.0
50.0
55.0
29.0
51.0
46.0
47.0
57.0
45.0
50.0
55.0
29.0
45.0
50.0
55.0
29.0
51.0
46.0
47.0
57.0
45.0
50.0
55.0
29.0
51.0
46.0
47.0
57.0
45.0
50.0
55.0
29.0
51.0
46.0
47.0
57.0
45.0
50.0
55.0
29.0
51.0
46.0
47.0
57.0
45.0
50.0
55.0
29.0
51.0
46.0
47.0
57.0
45.0
50.0
55.0
29.0
51.0
46.0
47.0
57.0
45.0
50.0
55.0
29.0
51.0
46.0
47.0
57.0
45.0
50.0
55.0
29.0
51.0
46.0
47.0
57.0
45.0
50.0
55.0
29.0
51.0
46.0
47.0
57.0
45.0
50.0
55.0
29.0
51.0
46.0
47.0
57.0
42
53
55
25
52
43
47
62
42
53
55
25
52
43
47
62
42
53
55
25
52
43
47
62
42
53
55
25
52
43
47
62
